09 2016-05-22 18:02:46 48.154669362704894 6.971124813641028e-08 690773306.3174584 0.0001 0.10100000000000008 280 2025-03-17T00:52:22 
09 2016-05-22 18:04:26 48.3430407721559 6.998394455899677e-08 690773306.3174584 0.0001 0.10100000000000008 280 2025-03-17T00:52:23 
09 2016-05-22 18:06:06 49.01037857465139 7.095001808325193e-08 690773306.3174584 0.0001 0.10100000000000008 280 2025-03-17T00:52:23 
09 2016-05-22 18:07:46 49.39786310286784 7.151096119537382e-08 690773306.3174584 0.0001 0.10100000000000008 280 2025-03-17T00:52:24 
09 2016-05-22 18:09:26 49.32094698388765 7.139961335046326e-08 690773306.3174584 0.0001 0.10100000000000008 280 2025-03-17T00:52:25 
09 2016-05-22 18:11:06 50.90599821886878 7.369421741301904e-08 690773306.3174584 0.0001 0.10100000000000008 280 2025-03-17T00:52:26 
09 2016-05-22 18:12:46 53.20561535325977 7.702326489264785e-08 690773306.3174584 0.0001 0.10100000000000008 280 2025-03-17T00:52:26 
09 2016-05-22 18:14:26 54.333123044057174 7.865550470343062e-08 690773306.3174584 0.0001 0.10100000000000008 280 2025-03-17T00:52:27 
09 2016-05-22 18:16:06 55.36556526892861 8.015012271404171e-08 690773306.3174584 0.0001 0.10100000000000008 280 2025-03-17T00:52:28 
09 2016-05-22 18:17:46 56.846425085858655 8.229389376510413e-08 690773306.3174584 0.0001 0.10100000000000008 280 2025-03-17T00:52:28 
09 2016-05-22 18:19:26 56.469837470981226 8.174872560149191e-08 690773306.3174584 0.0001 0.10100000000000008 280 2025-03-17T00:52:29 
09 2016-05-22 18:21:06 57.2202644144073 8.283508336396342e-08 690773306.3174584 0.0001 0.10100000000000008 280 2025-03-17T00:52:30 
09 2016-05-22 18:22:46 58.445857055307826 8.46093161400303e-08 690773306.3174584 0.0001 0.10100000000000008 280 2025-03-17T00:52:30 
09 2016-05-22 18:24:26 59.4778875082682 8.610333804782835e-08 690773306.3174584 0.0001 0.10100000000000008 280 2025-03-17T00:52:31 
09 2016-05-22 18:26:06 49.219083162213956 6.004376801390625e-08 819720094.0289876 0.05910000000000004 0.11200000000000009 318 2025-03-17T00:52:32 
09 2016-05-22 18:27:46 51.07597150674483 6.230903924253275e-08 819720094.0289876 0.05910000000000004 0.11200000000000009 318 2025-03-17T00:52:33 
09 2016-05-22 18:29:26 52.787961593192165 6.439754493968209e-08 819720094.0289876 0.05910000000000004 0.11200000000000009 318 2025-03-17T00:52:33 
09 2016-05-22 18:31:06 54.47260346227432 6.645268776386494e-08 819720094.0289876 0.05910000000000004 0.11200000000000009 318 2025-03-17T00:52:34 
09 2016-05-22 18:32:46 55.425764227878346 6.76154758576875e-08 819720094.0289876 0.05910000000000004 0.11200000000000009 318 2025-03-17T00:52:35 
09 2016-05-22 18:34:26 56.21000385610359 6.857219222213656e-08 819720094.0289876 0.05910000000000004 0.11200000000000009 318 2025-03-17T00:52:36 
09 2016-05-22 18:36:06 57.178633204898574 6.975385088324622e-08 819720094.0289876 0.05910000000000004 0.11200000000000009 318 2025-03-17T00:52:36 
