01 2016-05-16 23:43:30 25.984330682480714 4.485024069584797e-08 579357664.0690409 0.03 0.078 311 2025-03-18T14:20:46 
02 2016-05-17 18:48:16 45.386870339230065 6.624352965824735e-08 685151751.022062 0.03 0.103 439 2025-03-18T14:20:47 
04 2016-05-19 20:05:39 30.726509476774595 9.518992430993531e-08 322791615.80935895 0.03 0.125 417 2025-03-18T14:20:48 
05 2016-05-18 23:25:26 14.667169697179613 1.2044484380611102e-07 121774990.39137317 0.042 0.091 191 2025-03-18T14:20:48 
08 2016-05-21 21:23:07 31.639697161503857 6.590803528920336e-08 480058266.3808653 0.042 0.091 285 2025-03-18T14:20:49 
09 2016-05-22 18:02:46 34.12506526187956 4.683009302360093e-08 728699497.6644949 0.051 0.105 331 2025-03-18T14:20:49 
10 2016-05-23 22:41:42 21.024794213938126 1.3306221558712945e-07 158007245.86741185 0.043 0.085 245 2025-03-18T14:20:50 
11 2016-05-25 16:00:57 42.74227895281419 4.2822048646724975e-08 998137181.7455798 0.066 0.128 217 2025-03-18T14:20:51 
12 2016-05-26 22:13:29 42.05602357246439 4.6002340634578575e-08 914214863.6857 0.053 0.128 352 2025-03-18T14:20:52 
13 2016-05-24 17:45:21 3.9466951584037737 8.936516999197779e-08 44163684.33874253 0.062 0.113 89 2025-03-18T14:20:52 
15 2016-05-24 20:56:09 38.404806788322404 6.13516904087191e-08 625977972.774234 0.062 0.141 191 2025-03-18T14:20:53 
16 2016-05-27 17:18:13 26.803780448670416 4.9453911201526643e-08 541995158.6729703 0.054 0.11 295 2025-03-18T14:20:53 
18 2016-05-29 18:35:18 51.105408349204836 6.930785864558508e-08 737368162.1089914 0.054 0.113 404 2025-03-18T14:20:54 
19 2016-05-30 13:39:57 38.76630744144023 8.869078103613489e-08 437095118.4390388 0.08200000000000006 0.1320000000000001 271 2025-03-18T14:20:54 
20 2016-05-31 19:52:15 33.79470043676573 1.0294026870267687e-07 328294270.67433846 0.054000000000000034 0.10900000000000007 308 2025-03-18T14:20:55 
21 2016-06-01 14:57:08 13.322151322207468 5.8821627603525354e-08 226483894.86946177 0.019000000000000003 0.06800000000000003 322 2025-03-18T14:20:56 
23 2016-06-01 18:07:35 46.30492912928417 4.659709916625463e-08 993729866.4037427 0.086 0.149 239 2025-03-18T14:20:56 
24 2016-06-02 11:36:46 42.276018892670635 8.061981445345707e-08 524387449.65206 0.093 0.193 235 2025-03-18T14:20:57 
