01 2016-05-16 23:43:30 23.11142198093065 4.773535156092496e-08 484157363.9912002 0.0001 0.14700000000000005 292 2025-03-18T13:29:25 
01 2016-05-16 23:45:10 23.045539694722976 4.7599275377626684e-08 484157363.9912002 0.0001 0.14700000000000005 292 2025-03-18T13:29:25 
01 2016-05-16 23:46:50 22.54965807972839 4.65750595918608e-08 484157363.9912002 0.0001 0.14700000000000005 292 2025-03-18T13:29:26 
01 2016-05-16 23:48:30 21.43951318704688 4.4282117306464335e-08 484157363.9912002 0.0001 0.14700000000000005 292 2025-03-18T13:29:27 
01 2016-05-16 23:50:10 21.176641012358164 4.373916950841434e-08 484157363.9912002 0.0001 0.14700000000000005 292 2025-03-18T13:29:27 
01 2016-05-16 23:51:50 21.728026462311934 4.487802536595695e-08 484157363.9912002 0.0001 0.14700000000000005 292 2025-03-18T13:29:28 
01 2016-05-16 23:53:30 22.151425644132342 4.575253273341713e-08 484157363.9912002 0.0001 0.14700000000000005 292 2025-03-18T13:29:29 
01 2016-05-16 23:55:10 22.623535620659624 4.672764952733594e-08 484157363.9912002 0.0001 0.14700000000000005 292 2025-03-18T13:29:30 
01 2016-05-16 23:56:50 23.571080064775696 4.8684749665821695e-08 484157363.9912002 0.0001 0.14700000000000005 292 2025-03-18T13:29:31 
01 2016-05-16 23:58:30 25.082032336646865 5.1805537211869697e-08 484157363.9912002 0.0001 0.14700000000000005 292 2025-03-18T13:29:31 
01 2016-05-17 00:00:10 26.493245355736867 5.4720318900733266e-08 484157363.9912002 0.0001 0.14700000000000005 292 2025-03-18T13:29:32 
01 2016-05-17 00:01:50 28.18626895797813 5.8217164612806404e-08 484157363.9912002 0.0001 0.14700000000000005 292 2025-03-18T13:29:33 
01 2016-05-17 00:03:30 30.011049605337703 6.198614714426438e-08 484157363.9912002 0.0001 0.14700000000000005 292 2025-03-18T13:29:34 
01 2016-05-17 00:05:10 32.08155560359671 6.62626616667134e-08 484157363.9912002 0.0001 0.14700000000000005 292 2025-03-18T13:29:35 
