01 2016-05-16 23:43:30 37.14070621595306 5.085621810230668e-08 730308064.6153764 0.026 0.08 305 2025-03-20T00:33:41 
02 2016-05-17 18:48:16 55.53275560487926 7.176742148522902e-08 773787805.8822117 0.026 0.098 448 2025-03-20T00:33:42 
04 2016-05-19 20:05:39 60.85028699189518 1.3337503871118453e-07 456234446.71429676 0.071 0.137 418 2025-03-20T00:33:43 
05 2016-05-18 23:25:26 20.383059026024114 1.340109071442152e-07 152100000.3685445 0.044 0.088 192 2025-03-20T00:33:43 
08 2016-05-21 21:23:07 61.59874789155272 7.499858439074218e-08 821332141.0258039 0.046 0.126 333 2025-03-20T00:33:44 
09 2016-05-22 18:02:46 58.743391335860906 6.040869309180025e-08 972432746.5020862 0.058 0.117 350 2025-03-20T00:33:45 
10 2016-05-23 22:41:42 26.181226404933412 1.3733338896006336e-07 190639920.87566504 0.044 0.083 246 2025-03-20T00:33:46 
11 2016-05-25 16:00:57 36.43441937085167 3.8905383290114114e-08 936487865.9378144 0.057 0.112 211 2025-03-20T00:33:46 
12 2016-05-26 22:13:29 50.004578036733854 5.012360525944983e-08 997625325.9896238 0.047 0.122 359 2025-03-20T00:33:47 
13 2016-05-24 17:45:21 3.59128690498108 8.351226174263642e-08 43003109.12484342 0.061 0.101 79 2025-03-20T00:33:48 
15 2016-05-24 20:56:09 46.0557877148196 6.652638340732142e-08 692293573.7064437 0.08 0.138 200 2025-03-20T00:33:48 
16 2016-05-27 17:18:13 50.18768016291801 5.667642330906629e-08 885512480.0172366 0.053 0.131 291 2025-03-20T00:33:49 
18 2016-05-29 18:35:18 57.196895782029024 7.850185118094995e-08 728605694.2808629 0.05 0.099 423 2025-03-20T00:33:50 
19 2016-05-30 13:39:57 67.80273463413204 1.1651576711594179e-07 581918965.2389561 0.069 0.133 306 2025-03-20T00:33:50 
20 2016-05-31 19:52:15 49.349915469910776 1.278178168472342e-07 386095746.95594275 0.06 0.103 318 2025-03-20T00:33:51 
21 2016-06-01 14:57:08 20.909321760248012 6.553180268293586e-08 319071365.4164849 0.021 0.067 359 2025-03-20T00:33:52 
23 2016-06-01 18:07:35 34.36637508446454 3.9574495723471225e-08 868397043.5050218 0.081 0.125 239 2025-03-20T00:33:53 
24 2016-06-02 11:36:46 17.09574150701692 4.8911959099243666e-08 349520686.1849309 0.115 0.156 258 2025-03-20T00:33:53 
