01 2016-05-16 23:43:30 43.292542544659185 5.704802217557561e-08 758878939.0702897 0.026 0.08 347 2025-03-20T01:01:54 
01 2016-05-16 23:45:10 43.8090497253711 5.8353757095335794e-08 750749427.3898733 0.026 0.08 347 2025-03-20T01:01:56 
01 2016-05-16 23:46:50 44.70266247453929 5.743312353319245e-08 778342874.7124329 0.026 0.08 381 2025-03-20T01:01:57 
01 2016-05-16 23:48:30 58.44734220185892 6.125454035006556e-08 954171590.6745249 0.026 0.08 500 2025-03-20T01:01:58 
01 2016-05-16 23:50:10 59.48221726226161 6.231510126588217e-08 954539366.1235758 0.026 0.08 448 2025-03-20T01:01:59 
01 2016-05-16 23:51:50 62.256170599704625 6.006148419795247e-08 1036540662.1407963 0.026 0.08 431 2025-03-20T01:02:00 
01 2016-05-16 23:53:30 55.8778964450413 5.911080936144401e-08 945307585.0030328 0.026 0.08 401 2025-03-20T01:02:01 
01 2016-05-16 23:55:10 47.53636205231707 5.6283330079906224e-08 844590431.7464697 0.026 0.08 313 2025-03-20T01:02:02 
01 2016-05-16 23:56:50 45.78116985166593 5.71872753711803e-08 800548191.0882834 0.026 0.08 292 2025-03-20T01:02:04 
01 2016-05-16 23:58:30 44.87700174995894 5.8067346681652826e-08 772844021.8905067 0.026 0.08 320 2025-03-20T01:02:05 
01 2016-05-17 00:00:10 45.056743006432065 5.6711391752744164e-08 794491928.5859679 0.026 0.08 383 2025-03-20T01:02:06 
01 2016-05-17 00:01:50 38.74623834685563 5.438282858663194e-08 712471920.8956335 0.026 0.08 343 2025-03-20T01:02:07 
01 2016-05-17 00:03:30 40.17133602319378 5.472951965590062e-08 733997599.0244734 0.026 0.08 348 2025-03-20T01:02:08 
01 2016-05-17 00:05:10 39.72150665750112 5.41676439188116e-08 733306892.8941628 0.026 0.08 371 2025-03-20T01:02:09 
01 2016-05-17 00:06:50 38.4499369664783 6.035226982325569e-08 637091812.4385487 0.026 0.08 353 2025-03-20T01:02:10 
01 2016-05-17 00:08:30 39.579402286879684 6.57689657836971e-08 601794506.196883 0.026 0.08 379 2025-03-20T01:02:11 
01 2016-05-17 00:10:10 44.644896021090275 6.01752874684329e-08 741914129.5255191 0.026 0.08 423 2025-03-20T01:02:12 
01 2016-05-17 00:11:50 44.53951877276119 5.199140649232437e-08 856670780.3786128 0.026 0.08 348 2025-03-20T01:02:13 
01 2016-05-17 00:13:30 39.14860830922886 4.920715346044125e-08 795587746.0113868 0.026 0.08 300 2025-03-20T01:02:14 
01 2016-05-17 00:15:10 36.393027815073104 4.601345845138423e-08 790921374.7435298 0.026 0.08 291 2025-03-20T01:02:15 
01 2016-05-17 00:16:50 33.55720135047925 4.379593147774345e-08 766217322.436277 0.026 0.08 298 2025-03-20T01:02:17 
01 2016-05-17 00:18:30 28.084626287050423 4.0113382316351294e-08 700131095.0436202 0.026 0.08 259 2025-03-20T01:02:18 
01 2016-05-17 00:20:10 31.265266637758835 4.4104605177506435e-08 708888936.0175992 0.026 0.08 291 2025-03-20T01:02:19 
01 2016-05-17 00:21:50 33.39232971505872 4.3777560501888226e-08 762772738.6412597 0.026 0.08 324 2025-03-20T01:02:20 
01 2016-05-17 00:23:30 50.02981444092545 4.696061259353742e-08 1065356938.0355656 0.026 0.08 869 2025-03-20T01:02:21 
01 2016-05-17 00:25:10 53.37060735214142 4.953036433916038e-08 1077533106.4937234 0.026 0.08 853 2025-03-20T01:02:22 
01 2016-05-17 00:26:50 48.50362130346876 4.6583882102753366e-08 1041210373.9332178 0.026 0.08 745 2025-03-20T01:02:23 
02 2016-05-17 18:48:16 63.077766656719376 1.3792446669813314e-07 457335584.9529862 0.026 0.098 355 2025-03-20T01:02:25 
02 2016-05-17 18:49:56 63.75588093549409 1.3479856555455996e-07 472971508.80799824 0.026 0.098 362 2025-03-20T01:02:26 
02 2016-05-17 18:51:36 63.853270623235964 1.2834692165595183e-07 497505275.54063 0.026 0.098 361 2025-03-20T01:02:27 
02 2016-05-17 18:53:16 64.81079830241819 1.1514522426678853e-07 562861366.7228893 0.026 0.098 408 2025-03-20T01:02:28 
02 2016-05-17 18:54:56 66.95829208776351 1.1243661778658856e-07 595520333.1965603 0.026 0.098 406 2025-03-20T01:02:29 
02 2016-05-17 18:56:36 67.41467451452573 1.1215093694704832e-07 601106654.5646011 0.026 0.098 412 2025-03-20T01:02:30 
02 2016-05-17 18:58:16 71.36681600258126 1.1667283514236313e-07 611683224.4240925 0.026 0.098 372 2025-03-20T01:02:31 
02 2016-05-17 18:59:56 75.31367242046687 1.052469300741104e-07 715590206.454803 0.026 0.098 380 2025-03-20T01:02:32 
02 2016-05-17 19:01:36 75.47823775070606 1.0563624705532233e-07 714510784.4580815 0.026 0.098 368 2025-03-20T01:02:34 
02 2016-05-17 19:03:16 73.81257971104776 1.051261958180131e-07 702133080.5009513 0.026 0.098 360 2025-03-20T01:02:35 
02 2016-05-17 19:04:56 73.62043297066668 9.803203008842098e-08 750983458.2050784 0.026 0.098 436 2025-03-20T01:02:36 
02 2016-05-17 19:06:36 78.8113545038942 9.43803069082905e-08 835040243.9406699 0.026 0.098 398 2025-03-20T01:02:37 
02 2016-05-17 19:08:16 76.34349561122347 9.381047324800763e-08 813805676.1465583 0.026 0.098 430 2025-03-20T01:02:38 
02 2016-05-17 19:09:56 74.76835394737986 9.871666399293802e-08 757403572.235065 0.026 0.098 451 2025-03-20T01:02:39 
02 2016-05-17 19:11:36 75.02352897433272 9.007806255566903e-08 832872364.7665882 0.026 0.098 451 2025-03-20T01:02:40 
02 2016-05-17 19:13:16 69.98476416133023 9.23881750638455e-08 757507809.987228 0.026 0.098 420 2025-03-20T01:02:41 
02 2016-05-17 19:14:56 68.21903405400715 9.202413075150169e-08 741316799.1580722 0.026 0.098 384 2025-03-20T01:02:42 
02 2016-05-17 19:16:36 66.23936771135371 9.035208936072016e-08 733124913.6575112 0.026 0.098 364 2025-03-20T01:02:43 
02 2016-05-17 19:18:16 64.0898982765655 9.135162526276828e-08 701573705.910696 0.026 0.098 372 2025-03-20T01:02:44 
02 2016-05-17 19:19:56 65.07000297626671 9.101461239770344e-08 714940175.6712706 0.026 0.098 383 2025-03-20T01:02:45 
02 2016-05-17 19:21:36 65.3785102988232 9.933116910313117e-08 658187262.7608317 0.026 0.098 390 2025-03-20T01:02:47 
02 2016-05-17 19:23:16 62.46845660923001 9.332176093643849e-08 669387889.6239144 0.026 0.098 383 2025-03-20T01:02:48 
02 2016-05-17 19:24:56 68.59604271588097 9.322477686951902e-08 735813428.7828934 0.026 0.098 352 2025-03-20T01:02:49 
02 2016-05-17 19:26:36 68.78561555282164 9.009612839072299e-08 763469161.011189 0.026 0.098 344 2025-03-20T01:02:50 
02 2016-05-17 19:28:16 67.64303689781624 9.207542907000152e-08 734648076.9195195 0.026 0.098 352 2025-03-20T01:02:51 
02 2016-05-17 19:29:56 66.46931079311504 8.894785174280017e-08 747284048.9202187 0.026 0.098 335 2025-03-20T01:02:52 
02 2016-05-17 19:31:36 75.34821040593218 9.429779514196022e-08 799045304.2141603 0.026 0.098 365 2025-03-20T01:02:53 
04 2016-05-19 20:05:39 96.08661350108524 2.069718566878763e-07 464249657.1212025 0.071 0.137 663 2025-03-20T01:02:54 
04 2016-05-19 20:07:19 86.28275621700348 2.1909164220056148e-07 393820391.0946922 0.071 0.137 690 2025-03-20T01:02:56 
04 2016-05-19 20:08:59 89.55640723364556 2.1780354601932104e-07 411179748.31181645 0.071 0.137 718 2025-03-20T01:02:57 
04 2016-05-19 20:10:39 95.8458072149208 2.069281610972022e-07 463183970.2567032 0.071 0.137 704 2025-03-20T01:02:58 
04 2016-05-19 20:12:19 107.1145171175957 1.568261813605219e-07 683014253.0305836 0.071 0.137 881 2025-03-20T01:02:59 
04 2016-05-19 20:13:59 113.29050773987481 1.1861976499226083e-07 955072771.786947 0.071 0.137 1107 2025-03-20T01:03:01 
04 2016-05-19 20:15:39 121.81189326390627 1.1826655721821818e-07 1029977502.762226 0.071 0.137 1047 2025-03-20T01:03:02 
04 2016-05-19 20:17:19 114.20998166991946 1.1643462459496897e-07 980893630.8010767 0.071 0.137 1070 2025-03-20T01:03:03 
04 2016-05-19 20:18:59 115.48817719158275 1.3460709122382398e-07 857965030.9770799 0.071 0.137 714 2025-03-20T01:03:05 
04 2016-05-19 20:20:39 79.57991175214191 2.04901078599993e-07 388382102.69989586 0.071 0.137 413 2025-03-20T01:03:06 
04 2016-05-19 20:22:19 94.34171424792333 2.231478624882655e-07 422776688.0486449 0.071 0.137 601 2025-03-20T01:03:07 
04 2016-05-19 20:23:59 92.8060137820466 2.1892588500639482e-07 423915215.77878165 0.071 0.137 538 2025-03-20T01:03:08 
04 2016-05-19 20:25:39 76.11612827487882 2.0996872101032182e-07 362511748.93396163 0.071 0.137 392 2025-03-20T01:03:09 
04 2016-05-19 20:27:19 77.83385060278086 2.000715578024588e-07 389030062.3321498 0.071 0.137 411 2025-03-20T01:03:10 
04 2016-05-19 20:28:59 110.61006450621873 1.5483931470469518e-07 714353875.2878808 0.071 0.137 970 2025-03-20T01:03:12 
04 2016-05-19 20:30:39 83.18442514217027 1.392501311690289e-07 597374124.1306033 0.071 0.137 352 2025-03-20T01:03:13 
04 2016-05-19 20:32:19 80.87794222861767 1.374803995116014e-07 588287075.9463623 0.071 0.137 438 2025-03-20T01:03:14 
04 2016-05-19 20:33:59 113.3939765194659 1.2832091576900929e-07 883674932.0242275 0.071 0.137 876 2025-03-20T01:03:15 
04 2016-05-19 20:35:39 91.09778783290976 1.3822940405561954e-07 659033354.4102862 0.071 0.137 424 2025-03-20T01:03:17 
04 2016-05-19 20:37:19 95.0474246964079 1.352633866229891e-07 702684052.7165526 0.071 0.137 384 2025-03-20T01:03:18 
04 2016-05-19 20:38:59 94.06860535038282 1.3435719707300152e-07 700138194.3035896 0.071 0.137 391 2025-03-20T01:03:19 
04 2016-05-19 20:40:39 93.90786889932276 1.3485631752985657e-07 696354984.471024 0.071 0.137 417 2025-03-20T01:03:20 
04 2016-05-19 20:42:19 92.15552919458277 1.3295168546748927e-07 693150514.568825 0.071 0.137 389 2025-03-20T01:03:21 
04 2016-05-19 20:43:59 95.8156519485139 1.3598710399160227e-07 704593664.6641941 0.071 0.137 436 2025-03-20T01:03:22 
04 2016-05-19 20:45:39 92.35751037448243 1.1599102360580617e-07 796247050.0161988 0.071 0.137 472 2025-03-20T01:03:24 
04 2016-05-19 20:47:19 96.71942934214704 1.1446952929638835e-07 844936027.4009501 0.071 0.137 503 2025-03-20T01:03:25 
04 2016-05-19 20:48:59 131.0506998935774 1.0995211598661572e-07 1191888839.2246127 0.071 0.137 413 2025-03-20T01:03:26 
05 2016-05-18 23:27:06 23.857425911536126 1.341240363794535e-07 177875842.0604083 0.044 0.088 195 2025-03-20T01:03:27 
05 2016-05-18 23:30:26 52.02332046787072 7.079826796731909e-08 734810638.1908242 0.044 0.088 879 2025-03-20T01:03:29 
05 2016-05-18 23:32:06 53.16171180845795 7.203064722666336e-08 738042956.0929898 0.044 0.088 877 2025-03-20T01:03:30 
05 2016-05-18 23:33:46 26.264464621713596 1.482778272446899e-07 177130088.22533965 0.044 0.088 208 2025-03-20T01:03:31 
05 2016-05-18 23:35:26 24.751613730127758 1.5879205643099848e-07 155874382.4246859 0.044 0.088 225 2025-03-20T01:03:32 
05 2016-05-18 23:37:06 23.876376082975202 1.639552764292412e-07 145627372.31137308 0.044 0.088 238 2025-03-20T01:03:33 
05 2016-05-18 23:38:46 24.152514956359873 1.7187436353496522e-07 140524243.75346944 0.044 0.088 218 2025-03-20T01:03:34 
05 2016-05-18 23:40:26 23.39407043680841 1.790320664752059e-07 130669722.45471035 0.044 0.088 227 2025-03-20T01:03:35 
05 2016-05-18 23:42:06 26.95148628703824 1.807528733491826e-07 149106820.75284487 0.044 0.088 236 2025-03-20T01:03:36 
05 2016-05-18 23:43:46 28.516302157064064 1.7257780431199035e-07 165237367.98453873 0.044 0.088 218 2025-03-20T01:03:37 
05 2016-05-18 23:45:26 29.848901936433624 1.6963560481131134e-07 175958944.28905466 0.044 0.088 252 2025-03-20T01:03:38 
05 2016-05-18 23:47:06 26.476680024882437 1.7637923663972354e-07 150112227.09260467 0.044 0.088 230 2025-03-20T01:03:39 
05 2016-05-18 23:48:46 28.306586281343154 1.7857195991213045e-07 158516411.5086821 0.044 0.088 266 2025-03-20T01:03:40 
05 2016-05-18 23:50:26 28.063893892931297 1.805440003677386e-07 155440744.8365481 0.044 0.088 273 2025-03-20T01:03:41 
05 2016-05-18 23:52:06 28.320376605198263 1.7986218379187075e-07 157455981.06364292 0.044 0.088 284 2025-03-20T01:03:42 
05 2016-05-18 23:53:46 26.336448637078014 1.8944770122551065e-07 139016987.09834543 0.044 0.088 289 2025-03-20T01:03:43 
05 2016-05-18 23:55:26 27.85270772502662 1.8486098634755348e-07 150668392.91153243 0.044 0.088 228 2025-03-20T01:03:44 
08 2016-05-21 21:23:07 69.92132831461068 8.792808419897966e-08 795210414.8701793 0.046 0.126 339 2025-03-20T01:03:45 
08 2016-05-21 21:24:47 72.86770293715519 9.014202524272032e-08 808365495.9043627 0.046 0.126 350 2025-03-20T01:03:46 
08 2016-05-21 21:26:27 74.62530224690903 9.094355369460966e-08 820567255.3494263 0.046 0.126 336 2025-03-20T01:03:48 
08 2016-05-21 21:28:07 76.68544892002524 8.848963317730395e-08 866603760.989414 0.046 0.126 366 2025-03-20T01:03:49 
08 2016-05-21 21:29:47 77.44458573164087 8.766066810323875e-08 883458766.7120411 0.046 0.126 322 2025-03-20T01:03:50 
08 2016-05-21 21:31:27 77.28773501053014 8.849379195219153e-08 873369004.8256106 0.046 0.126 356 2025-03-20T01:03:51 
08 2016-05-21 21:33:07 77.72084830993644 9.225190421526251e-08 842485030.212287 0.046 0.126 344 2025-03-20T01:03:52 
08 2016-05-21 21:34:47 73.54485411386949 9.66436540277416e-08 760989998.2957847 0.046 0.126 319 2025-03-20T01:03:53 
08 2016-05-21 21:36:27 74.0762174312653 9.79961921575959e-08 755909140.9606725 0.046 0.126 329 2025-03-20T01:03:54 
08 2016-05-21 21:38:07 76.3160872235103 1.0206871092852744e-07 747693260.0525331 0.046 0.126 316 2025-03-20T01:03:55 
08 2016-05-21 21:39:47 79.46089758550055 1.0531022780194074e-07 754541123.3460097 0.046 0.126 315 2025-03-20T01:03:57 
08 2016-05-21 21:41:27 84.42072591791597 1.002105290226162e-07 842433691.7617042 0.046 0.126 342 2025-03-20T01:03:58 
08 2016-05-21 21:43:07 88.8136664094434 9.314595730628687e-08 953489222.4833995 0.046 0.126 349 2025-03-20T01:03:59 
08 2016-05-21 21:44:47 91.24605451528495 8.871885908356783e-08 1028485436.5556781 0.046 0.126 335 2025-03-20T01:04:00 
08 2016-05-21 21:46:27 89.70032006185671 8.868115977393082e-08 1011492410.4570123 0.046 0.126 361 2025-03-20T01:04:01 
08 2016-05-21 21:48:07 88.75212256539297 9.0255115184298e-08 983347286.0143608 0.046 0.126 355 2025-03-20T01:04:02 
08 2016-05-21 21:49:47 89.88699446837882 9.197944935152382e-08 977250843.5536711 0.046 0.126 345 2025-03-20T01:04:03 
08 2016-05-21 21:51:27 91.48668505994684 9.962643955829855e-08 918297245.8471874 0.046 0.126 325 2025-03-20T01:04:04 
08 2016-05-21 21:53:07 93.16170473116298 1.0383700357334547e-07 897191767.1464589 0.046 0.126 321 2025-03-20T01:04:06 
08 2016-05-21 21:54:47 91.62503960879327 1.048748024762144e-07 873661141.1456419 0.046 0.126 358 2025-03-20T01:04:07 
08 2016-05-21 21:56:27 95.55410837567358 1.0763043987159207e-07 887798177.6314759 0.046 0.126 316 2025-03-20T01:04:08 
08 2016-05-21 21:58:07 91.82254419251815 1.0857584555540882e-07 845699554.2867676 0.046 0.126 336 2025-03-20T01:04:09 
08 2016-05-21 21:59:47 94.00185114002281 1.047451957539886e-07 897433533.4749069 0.046 0.126 371 2025-03-20T01:04:10 
08 2016-05-21 22:01:27 102.86803530770882 9.65628226178868e-08 1065296482.8376307 0.046 0.126 391 2025-03-20T01:04:11 
08 2016-05-21 22:03:07 109.44675314983724 9.505391321938742e-08 1151417647.5536644 0.046 0.126 339 2025-03-20T01:04:12 
08 2016-05-21 22:04:47 110.07500658554949 9.380415483902446e-08 1173455555.0811915 0.046 0.126 341 2025-03-20T01:04:13 
08 2016-05-21 22:06:27 111.75046507072878 9.593627022964839e-08 1164840626.0033355 0.046 0.126 318 2025-03-20T01:04:14 
09 2016-05-22 18:02:46 80.39427562030959 9.619840012587853e-08 835713229.2752398 0.058 0.117 550 2025-03-20T01:04:15 
09 2016-05-22 18:04:26 92.38845637736746 1.0453591051988548e-07 883796352.065951 0.058 0.117 705 2025-03-20T01:04:16 
09 2016-05-22 18:06:06 81.63712555007861 1.0228056786336597e-07 798168481.6135904 0.058 0.117 769 2025-03-20T01:04:18 
09 2016-05-22 18:07:46 54.57106811052234 7.235389472854196e-08 754224334.6438032 0.058 0.117 418 2025-03-20T01:04:19 
09 2016-05-22 18:09:26 59.26540900642274 7.369219307971847e-08 804229139.2021787 0.058 0.117 406 2025-03-20T01:04:20 
09 2016-05-22 18:11:06 60.17991978577011 7.337056070893526e-08 820218888.9424862 0.058 0.117 394 2025-03-20T01:04:21 
09 2016-05-22 18:12:46 63.77727544063557 6.915471268312977e-08 922240480.310664 0.058 0.117 420 2025-03-20T01:04:22 
09 2016-05-22 18:14:26 74.67535137682538 6.88770831131567e-08 1084182837.0423703 0.058 0.117 318 2025-03-20T01:04:24 
09 2016-05-22 18:16:06 99.41728331306177 8.295555201476171e-08 1198440380.402396 0.058 0.117 654 2025-03-20T01:04:25 
09 2016-05-22 18:17:46 72.06637405302982 6.652850791569276e-08 1083240498.1087933 0.058 0.117 271 2025-03-20T01:04:26 
09 2016-05-22 18:19:26 89.46936035917548 7.7936169248119e-08 1147982524.9601274 0.058 0.117 568 2025-03-20T01:04:27 
09 2016-05-22 18:21:06 63.66455302010517 6.452441969215303e-08 986673779.0723219 0.058 0.117 278 2025-03-20T01:04:28 
09 2016-05-22 18:22:46 60.32645507601654 6.586459562981611e-08 915916274.8842183 0.058 0.117 267 2025-03-20T01:04:29 
09 2016-05-22 18:24:26 45.57076512831358 6.262592040901767e-08 727666193.6572788 0.058 0.117 376 2025-03-20T01:04:30 
09 2016-05-22 18:26:06 55.68794366643654 6.691760400036851e-08 832186754.1182417 0.058 0.117 265 2025-03-20T01:04:31 
09 2016-05-22 18:27:46 54.77373670489417 6.857701343423159e-08 798718607.911157 0.058 0.117 264 2025-03-20T01:04:32 
09 2016-05-22 18:29:26 57.717204993414725 7.159610647873166e-08 806150052.4551598 0.058 0.117 268 2025-03-20T01:04:33 
09 2016-05-22 18:31:06 62.10897719630798 7.656285925429364e-08 811215487.5253685 0.058 0.117 271 2025-03-20T01:04:34 
09 2016-05-22 18:32:46 63.98333673967961 7.941895679714222e-08 805643127.535792 0.058 0.117 266 2025-03-20T01:04:35 
09 2016-05-22 18:34:26 95.66907740598069 9.894935459544613e-08 966848927.8896579 0.058 0.117 653 2025-03-20T01:04:36 
09 2016-05-22 18:36:06 87.22981539761966 9.211219436691297e-08 946995302.816854 0.058 0.117 595 2025-03-20T01:04:37 
09 2016-05-22 18:37:46 97.7559391419304 9.758110015469572e-08 1001791730.0272031 0.058 0.117 653 2025-03-20T01:04:40 
09 2016-05-22 18:39:26 95.10056750188365 8.618211993163407e-08 1103483733.9499693 0.058 0.117 625 2025-03-20T01:04:41 
09 2016-05-22 18:41:06 68.05065659683332 6.571238257042389e-08 1035583461.3651925 0.058 0.117 235 2025-03-20T01:04:42 
09 2016-05-22 18:42:46 62.541660844755725 6.224949177366418e-08 1004693517.3728622 0.058 0.117 252 2025-03-20T01:04:44 
09 2016-05-22 18:44:26 64.98719462082363 6.114981888055408e-08 1062753673.0364683 0.058 0.117 252 2025-03-20T01:04:45 
09 2016-05-22 18:46:06 67.37821918789747 6.136028600992273e-08 1098075376.9140117 0.058 0.117 277 2025-03-20T01:04:46 
10 2016-05-23 22:43:22 28.065005585582856 1.412576348386533e-07 198679566.01170015 0.044 0.083 260 2025-03-20T01:04:47 
10 2016-05-23 22:45:02 28.001519485761502 1.5223178321495578e-07 183940034.6918523 0.044 0.083 248 2025-03-20T01:04:48 
10 2016-05-23 22:46:42 31.25565205067771 1.4322143911662374e-07 218233053.9579801 0.044 0.083 333 2025-03-20T01:04:49 
10 2016-05-23 22:48:22 34.0038267343738 1.4914417785332432e-07 227992987.88461477 0.044 0.083 356 2025-03-20T01:04:50 
10 2016-05-23 22:50:02 31.507468543913472 1.470680559520203e-07 214237336.17715406 0.044 0.083 340 2025-03-20T01:04:51 
10 2016-05-23 23:00:02 36.436064343100895 1.3352303862998102e-07 272882228.54239035 0.044 0.083 369 2025-03-20T01:04:53 
10 2016-05-23 23:01:42 34.76601903541611 1.75093768704862e-07 198556575.10015503 0.044 0.083 266 2025-03-20T01:04:54 
10 2016-05-23 23:03:22 35.625758994567576 1.6441495412887813e-07 216681987.25185308 0.044 0.083 267 2025-03-20T01:04:55 
10 2016-05-23 23:06:42 34.72738911260948 1.220379878743513e-07 284562124.60962844 0.044 0.083 367 2025-03-20T01:04:57 
10 2016-05-23 23:08:22 31.679420173754163 1.5511781018858003e-07 204228129.15706336 0.044 0.083 329 2025-03-20T01:04:58 
10 2016-05-23 23:10:02 21.95324233521582 1.5203225425288144e-07 144398584.64967635 0.044 0.083 267 2025-03-20T01:04:59 
10 2016-05-23 23:11:42 19.335525202252217 1.7099464012175492e-07 113076791.11160772 0.044 0.083 257 2025-03-20T01:05:00 
10 2016-05-23 23:13:22 23.843924150374523 2.011519676889933e-07 118536867.5450408 0.044 0.083 302 2025-03-20T01:05:01 
10 2016-05-23 23:15:02 31.011094182024735 2.0989453173529681e-07 147746079.54595783 0.044 0.083 355 2025-03-20T01:05:02 
10 2016-05-23 23:16:42 37.876305055997484 2.018637998820702e-07 187632973.70863426 0.044 0.083 365 2025-03-20T01:05:03 
10 2016-05-23 23:18:22 36.0951151932959 1.910467278110398e-07 188933438.46745595 0.044 0.083 392 2025-03-20T01:05:04 
11 2016-05-25 16:00:57 39.02862113584584 4.557700235558918e-08 856322687.2918661 0.057 0.112 213 2025-03-20T01:05:06 
11 2016-05-25 16:02:37 36.542737350847695 4.924805274338622e-08 742013852.6341066 0.057 0.112 227 2025-03-20T01:05:07 
11 2016-05-25 16:04:17 34.04750956577681 5.2844041019045545e-08 644301777.6310053 0.057 0.112 177 2025-03-20T01:05:08 
11 2016-05-25 16:05:57 30.369677083295304 4.997115782261593e-08 607744114.937249 0.057 0.112 193 2025-03-20T01:05:09 
11 2016-05-25 16:14:17 52.707630612178285 6.288128120918313e-08 838208598.7853713 0.057 0.112 243 2025-03-20T01:05:11 
11 2016-05-25 16:15:57 66.17577836655656 6.42883388380239e-08 1029358971.8236165 0.057 0.112 304 2025-03-20T01:05:12 
11 2016-05-25 16:17:37 78.8398242221952 6.904718711854814e-08 1141825286.6236815 0.057 0.112 365 2025-03-20T01:05:13 
11 2016-05-25 16:19:17 85.75576976846759 6.96150610257062e-08 1231856562.4298058 0.057 0.112 431 2025-03-20T01:05:14 
11 2016-05-25 16:20:57 85.86675436190455 6.826410236282705e-08 1257861033.6882267 0.057 0.112 434 2025-03-20T01:05:15 
11 2016-05-25 16:22:37 81.89066473867571 6.70489968881535e-08 1221355553.988079 0.057 0.112 494 2025-03-20T01:05:17 
11 2016-05-25 16:24:17 69.50747416994261 6.326588220230634e-08 1098656523.079492 0.057 0.112 357 2025-03-20T01:05:18 
11 2016-05-25 16:25:57 73.20211053055942 6.418537685377382e-08 1140479562.7721777 0.057 0.112 409 2025-03-20T01:05:19 
11 2016-05-25 16:27:37 53.97845988090805 5.3817450826201266e-08 1002991762.9362777 0.057 0.112 269 2025-03-20T01:05:20 
11 2016-05-25 16:29:17 50.62487380375256 5.1438848356929407e-08 984175879.1423798 0.057 0.112 273 2025-03-20T01:05:21 
11 2016-05-25 16:30:57 49.99653351558536 5.05510167487773e-08 989031215.0209055 0.057 0.112 321 2025-03-20T01:05:22 
11 2016-05-25 16:32:37 54.902341247925825 5.257678824489499e-08 1044231553.1370753 0.057 0.112 408 2025-03-20T01:05:23 
11 2016-05-25 16:34:17 54.80635812109066 5.1390454494410535e-08 1066469613.0883929 0.057 0.112 337 2025-03-20T01:05:24 
11 2016-05-25 16:35:57 49.60204139124824 4.420831438392317e-08 1122007072.2553167 0.057 0.112 257 2025-03-20T01:05:25 
11 2016-05-25 16:37:37 44.6342784521163 4.1453387967133545e-08 1076734149.8722548 0.057 0.112 239 2025-03-20T01:05:26 
11 2016-05-25 16:39:17 43.28850011283932 4.0118077949393964e-08 1079027269.6375089 0.057 0.112 229 2025-03-20T01:05:27 
11 2016-05-25 16:40:57 41.655258311784614 3.974088573310579e-08 1048171361.6434088 0.057 0.112 216 2025-03-20T01:05:28 
11 2016-05-25 16:42:37 38.53730529466649 3.9089317621652997e-08 985878179.4983106 0.057 0.112 251 2025-03-20T01:05:29 
11 2016-05-25 16:44:17 35.91946998708785 3.916094264922831e-08 917226898.9749577 0.057 0.112 234 2025-03-20T01:05:31 
12 2016-05-26 22:13:29 113.4977938221143 9.521809419809359e-08 1191977163.3529155 0.047 0.122 659 2025-03-20T01:05:32 
12 2016-05-26 22:15:09 118.72713052543776 9.369367098850461e-08 1267184104.0362751 0.047 0.122 851 2025-03-20T01:05:33 
12 2016-05-26 22:16:49 110.42996691314633 8.857049721176539e-08 1246803059.5912383 0.047 0.122 825 2025-03-20T01:05:34 
12 2016-05-26 22:18:29 110.63521797005914 8.286757614498103e-08 1335084518.1774983 0.047 0.122 923 2025-03-20T01:05:36 
12 2016-05-26 22:20:09 99.6611298336644 8.782609547208093e-08 1134755328.6750145 0.047 0.122 586 2025-03-20T01:05:38 
12 2016-05-26 22:21:49 63.39865337564675 6.629313036893908e-08 956338206.1280893 0.047 0.122 371 2025-03-20T01:05:39 
12 2016-05-26 22:23:29 54.64302169015375 6.304265611555593e-08 866762681.9211771 0.047 0.122 347 2025-03-20T01:05:40 
12 2016-05-26 22:25:09 53.100555090663526 6.672653133908844e-08 795793727.3978633 0.047 0.122 351 2025-03-20T01:05:41 
12 2016-05-26 22:26:49 103.50170850241501 7.144653264835408e-08 1448659643.3143966 0.047 0.122 1120 2025-03-20T01:05:42 
12 2016-05-26 22:28:29 54.66744642352319 7.073407128842489e-08 772858757.1413991 0.047 0.122 350 2025-03-20T01:05:43 
12 2016-05-26 22:30:09 66.08851223442753 6.918252781572324e-08 955277500.2738115 0.047 0.122 449 2025-03-20T01:05:45 
12 2016-05-26 22:31:49 63.78821381259425 6.704852105114252e-08 951373912.6913567 0.047 0.122 357 2025-03-20T01:05:46 
12 2016-05-26 22:33:29 59.86993809613604 5.181286399283947e-08 1155503353.4608326 0.047 0.122 347 2025-03-20T01:05:47 
12 2016-05-26 22:35:09 53.74163150642638 3.967836639320814e-08 1354431555.3178995 0.047 0.122 349 2025-03-20T01:05:48 
12 2016-05-26 22:36:49 56.12920701176934 4.3386031894008186e-08 1293716077.7665184 0.047 0.122 321 2025-03-20T01:05:49 
12 2016-05-26 22:38:29 55.512105741006835 4.0517003561384475e-08 1370094055.8672936 0.047 0.122 363 2025-03-20T01:05:50 
12 2016-05-26 22:40:09 44.1969336998508 3.491812802508941e-08 1265730329.7615032 0.047 0.122 323 2025-03-20T01:05:51 
12 2016-05-26 22:41:49 37.92348332563505 3.2682468139419404e-08 1160361670.4790506 0.047 0.122 289 2025-03-20T01:05:52 
12 2016-05-26 22:43:29 33.53629266134707 3.3072980883636194e-08 1014008769.857818 0.047 0.122 251 2025-03-20T01:05:53 
12 2016-05-26 22:45:09 31.11151678787743 3.177736371304561e-08 979046502.0578523 0.047 0.122 267 2025-03-20T01:05:54 
12 2016-05-26 22:46:49 30.158741778675214 3.2230798821767994e-08 935711893.0079587 0.047 0.122 240 2025-03-20T01:05:55 
12 2016-05-26 22:48:29 35.51754107187045 3.696098197278633e-08 960946900.653812 0.047 0.122 263 2025-03-20T01:05:56 
12 2016-05-26 22:50:09 44.97495881638087 4.296045851212574e-08 1046891964.7048583 0.047 0.122 299 2025-03-20T01:05:57 
12 2016-05-26 22:51:49 44.535516777182245 4.034303115128155e-08 1103920937.6751928 0.047 0.122 293 2025-03-20T01:05:58 
12 2016-05-26 22:53:29 46.23899370655355 3.8393452338828006e-08 1204345816.5337012 0.047 0.122 332 2025-03-20T01:05:59 
12 2016-05-26 22:55:09 54.471478142060434 3.354813573667368e-08 1623681225.3777213 0.047 0.122 293 2025-03-20T01:06:00 
12 2016-05-26 22:56:49 54.10906211905364 3.2246437183475674e-08 1677985751.1446636 0.047 0.122 321 2025-03-20T01:06:01 
13 2016-05-24 17:45:21 0.9431445717492465 8.60577285665916e-08 10959440.685439888 0.061 0.101 35 2025-03-20T01:06:02 
13 2016-05-24 17:55:21 7.02961739036889 1.1645828509763387e-07 60361677.011434145 0.061 0.101 83 2025-03-20T01:06:04 
13 2016-05-24 17:57:01 10.903453992039369 1.1224914098375263e-07 97136190.94526145 0.061 0.101 106 2025-03-20T01:06:05 
13 2016-05-24 17:58:41 11.820512180244723 1.1625780941248988e-07 101674994.90984572 0.061 0.101 110 2025-03-20T01:06:06 
13 2016-05-24 18:00:21 9.217357184144046 1.1396144764185263e-07 80881362.73164494 0.061 0.101 99 2025-03-20T01:06:07 
13 2016-05-24 18:02:01 8.643991786336459 1.2888993798177362e-07 67064907.638940826 0.061 0.101 137 2025-03-20T01:06:08 
13 2016-05-24 18:23:41 10.539922515728238 1.4521965268704564e-07 72579174.51739268 0.061 0.101 174 2025-03-20T01:06:11 
13 2016-05-24 18:25:21 6.981823492640705 1.6927959554622971e-07 41244329.950764745 0.061 0.101 117 2025-03-20T01:06:12 
13 2016-05-24 18:27:01 10.063177291285248 1.754766099794632e-07 57347684.64277368 0.061 0.101 127 2025-03-20T01:06:13 
13 2016-05-24 18:28:41 7.56066887334871 1.9674499936563292e-07 38428772.765390016 0.061 0.101 104 2025-03-20T01:06:14 
15 2016-05-24 21:07:49 50.46681027533323 4.8410306150961196e-08 1042480708.9209288 0.08 0.138 271 2025-03-20T01:06:17 
15 2016-05-24 21:09:29 47.442932494170655 4.7201171662931506e-08 1005121924.3658947 0.08 0.138 245 2025-03-20T01:06:18 
15 2016-05-24 21:11:09 43.70572143901589 4.505788581208719e-08 969990505.5751957 0.08 0.138 253 2025-03-20T01:06:19 
15 2016-05-24 21:12:49 48.80925606783133 4.916848369777676e-08 992693945.3298277 0.08 0.138 242 2025-03-20T01:06:20 
15 2016-05-24 21:14:29 46.566732514657936 6.464426358926385e-08 720353669.9023014 0.08 0.138 343 2025-03-20T01:06:21 
15 2016-05-24 21:16:09 45.76736774244565 6.409513647717377e-08 714053674.8641577 0.08 0.138 330 2025-03-20T01:06:22 
15 2016-05-24 21:17:49 49.032426260335875 6.129712688975732e-08 799913939.6618137 0.08 0.138 276 2025-03-20T01:06:23 
15 2016-05-24 21:19:29 48.56498050958729 6.833906772938925e-08 710647395.7458144 0.08 0.138 252 2025-03-20T01:06:24 
15 2016-05-24 21:21:09 43.08675656389948 7.757858072647617e-08 555395009.2979046 0.08 0.138 199 2025-03-20T01:06:25 
15 2016-05-24 21:22:49 28.124289318849055 6.993701740509807e-08 402137385.3555118 0.08 0.138 189 2025-03-20T01:06:26 
15 2016-05-24 21:24:29 29.37657037529191 7.058381332355945e-08 416194152.6257353 0.08 0.138 213 2025-03-20T01:06:27 
15 2016-05-24 21:26:09 32.59658749420375 7.404845287119833e-08 440206192.4359587 0.08 0.138 198 2025-03-20T01:06:28 
15 2016-05-24 21:27:49 33.94339762609352 7.030632815185488e-08 482792922.32100445 0.08 0.138 192 2025-03-20T01:06:29 
15 2016-05-24 21:29:29 27.72072609861486 5.8675941012763986e-08 472437691.1583689 0.08 0.138 185 2025-03-20T01:06:30 
16 2016-05-27 17:18:13 59.696926189701216 8.345640484302095e-08 715306707.759451 0.053 0.131 291 2025-03-20T01:06:32 
16 2016-05-27 17:19:53 52.19316699484099 8.002321281243623e-08 652225337.6301553 0.053 0.131 254 2025-03-20T01:06:33 
16 2016-05-27 17:21:33 51.227476971442194 7.888657589413558e-08 649381423.7822742 0.053 0.131 283 2025-03-20T01:06:34 
16 2016-05-27 17:23:13 52.20184940176639 7.874348135035096e-08 662935502.8069726 0.053 0.131 281 2025-03-20T01:06:35 
16 2016-05-27 17:24:53 52.60485944617304 7.880941174256338e-08 667494633.9913131 0.053 0.131 265 2025-03-20T01:06:36 
16 2016-05-27 17:26:33 74.7987060838916 8.76186965862863e-08 853684304.8130753 0.053 0.131 399 2025-03-20T01:06:38 
16 2016-05-27 17:28:13 60.49980581094269 8.501921995795428e-08 711601515.996765 0.053 0.131 276 2025-03-20T01:06:39 
16 2016-05-27 17:29:53 60.99510405411776 8.524783217263455e-08 715503286.1199001 0.053 0.131 275 2025-03-20T01:06:40 
16 2016-05-27 17:31:33 61.713111067630585 8.273522446647277e-08 745910964.3515733 0.053 0.131 310 2025-03-20T01:06:41 
16 2016-05-27 17:33:13 70.15369283474925 7.473895626528822e-08 938649619.1589372 0.053 0.131 342 2025-03-20T01:06:42 
16 2016-05-27 17:34:53 68.982514323415 6.98076158952211e-08 988180350.2207476 0.053 0.131 304 2025-03-20T01:06:43 
16 2016-05-27 17:36:33 68.12919500835905 7.006464672069924e-08 972376201.0810453 0.053 0.131 315 2025-03-20T01:06:44 
16 2016-05-27 17:38:13 61.988829810134966 6.711704876372251e-08 923592901.5347378 0.053 0.131 272 2025-03-20T01:06:45 
16 2016-05-27 17:39:53 59.683088841248455 6.80640233718556e-08 876866895.0875942 0.053 0.131 284 2025-03-20T01:06:46 
16 2016-05-27 17:41:33 58.95891936337306 7.02958729403612e-08 838725189.6479559 0.053 0.131 274 2025-03-20T01:06:47 
16 2016-05-27 17:43:13 60.124339867059426 7.488781070484887e-08 802858827.106378 0.053 0.131 283 2025-03-20T01:06:48 
16 2016-05-27 17:44:53 84.64254801725035 8.103655704766202e-08 1044498323.9782441 0.053 0.131 431 2025-03-20T01:06:49 
16 2016-05-27 17:46:33 79.19933615623611 7.80647953066866e-08 1014533322.5443343 0.053 0.131 410 2025-03-20T01:06:50 
16 2016-05-27 17:48:13 108.72105528950279 8.806453103291816e-08 1234561224.7553253 0.053 0.131 327 2025-03-20T01:06:51 
16 2016-05-27 17:49:53 91.71640603274994 7.896262043457335e-08 1161516747.1391618 0.053 0.131 312 2025-03-20T01:06:52 
16 2016-05-27 17:51:33 87.45200299927696 7.155472068140067e-08 1222169581.0771084 0.053 0.131 369 2025-03-20T01:06:53 
16 2016-05-27 17:53:13 84.52159831758324 7.128098788313644e-08 1185752341.9309857 0.053 0.131 387 2025-03-20T01:06:54 
16 2016-05-27 17:54:53 82.66232941119358 7.146808920396329e-08 1156632706.035878 0.053 0.131 389 2025-03-20T01:06:55 
16 2016-05-27 17:56:33 85.09663495629556 7.134913793673681e-08 1192679230.8513699 0.053 0.131 387 2025-03-20T01:06:56 
16 2016-05-27 17:58:13 87.65506919713947 7.296967864294762e-08 1201253326.4131508 0.053 0.131 379 2025-03-20T01:06:57 
16 2016-05-27 17:59:53 102.69342788912945 7.499588579608226e-08 1369320820.722863 0.053 0.131 418 2025-03-20T01:06:58 
16 2016-05-27 18:01:33 103.07206370938454 7.450279316957866e-08 1383465764.4952755 0.053 0.131 449 2025-03-20T01:07:00 
18 2016-05-29 18:48:38 60.286803324612954 1.3379078640071673e-07 450605044.98454756 0.05 0.099 325 2025-03-20T01:08:36 
18 2016-05-29 18:50:18 60.81692098340522 1.2823268411452187e-07 474270045.9197355 0.05 0.099 378 2025-03-20T01:08:37 
18 2016-05-29 18:51:58 73.44877006692441 9.838221388217822e-08 746565534.242664 0.05 0.099 480 2025-03-20T01:08:38 
18 2016-05-29 18:53:38 75.09106595046087 9.172413636192292e-08 818662011.2090052 0.05 0.099 437 2025-03-20T01:08:39 
18 2016-05-29 18:55:18 73.13699769600426 8.63784694215646e-08 846704024.5765854 0.05 0.099 492 2025-03-20T01:08:40 
18 2016-05-29 18:56:58 75.25494698403763 9.063213546635059e-08 830334037.6656786 0.05 0.099 454 2025-03-20T01:08:42 
18 2016-05-29 18:58:38 76.77126192604946 9.716523615964998e-08 790110382.687779 0.05 0.099 442 2025-03-20T01:08:43 
18 2016-05-29 19:00:18 69.77529844477898 1.1971977358475638e-07 582821837.658932 0.05 0.099 339 2025-03-20T01:08:44 
18 2016-05-29 19:01:58 69.97721993853249 1.274510129806523e-07 549051892.974404 0.05 0.099 330 2025-03-20T01:08:45 
18 2016-05-29 19:03:38 68.58953890440576 1.2876761452567128e-07 532661408.36003184 0.05 0.099 364 2025-03-20T01:08:46 
18 2016-05-29 19:05:18 80.87843375347381 1.2653567154223043e-07 639174967.5622592 0.05 0.099 414 2025-03-20T01:08:47 
18 2016-05-29 19:06:58 84.58666838166253 1.0322864093357959e-07 819410849.7087367 0.05 0.099 381 2025-03-20T01:08:48 
18 2016-05-29 19:08:38 81.22373875532583 9.87329534178158e-08 822660884.1690891 0.05 0.099 359 2025-03-20T01:08:49 
18 2016-05-29 19:10:18 77.02794857735351 9.180986038241218e-08 838994289.4642457 0.05 0.099 348 2025-03-20T01:08:50 
18 2016-05-29 19:11:58 79.34094058356247 9.118444657793682e-08 870114844.8134571 0.05 0.099 361 2025-03-20T01:08:51 
18 2016-05-29 19:13:38 77.19224946234377 9.28630595432894e-08 831248182.4525664 0.05 0.099 342 2025-03-20T01:08:53 
18 2016-05-29 19:15:18 74.97123849086456 9.852048269154539e-08 760971083.8058884 0.05 0.099 345 2025-03-20T01:08:54 
18 2016-05-29 19:16:58 72.80182955208417 9.933805428845834e-08 732869493.7056231 0.05 0.099 347 2025-03-20T01:08:55 
18 2016-05-29 19:18:38 75.96339405646974 1.0051985703602034e-07 755705353.114947 0.05 0.099 401 2025-03-20T01:08:56 
19 2016-05-30 13:39:57 39.533575076852294 1.474509165522409e-07 268113457.69319654 0.069 0.133 233 2025-03-20T01:08:57 
19 2016-05-30 13:41:37 46.04978360658343 1.418863846722903e-07 324553928.9266049 0.069 0.133 247 2025-03-20T01:08:58 
19 2016-05-30 13:43:17 48.65851312935157 1.245222016755349e-07 390761747.50057924 0.069 0.133 292 2025-03-20T01:08:59 
19 2016-05-30 13:44:57 55.21615707263903 1.1978029609776726e-07 460978632.308359 0.069 0.133 321 2025-03-20T01:09:00 
19 2016-05-30 13:46:37 19.590491648148728 6.069433328795549e-08 322772993.57098913 0.069 0.133 156 2025-03-20T01:09:01 
19 2016-05-30 13:48:17 61.13226265513245 1.1675863760364899e-07 523578074.4774802 0.069 0.133 318 2025-03-20T01:09:02 
19 2016-05-30 13:49:57 82.96816194179796 1.2879346195320854e-07 644195448.1504722 0.069 0.133 310 2025-03-20T01:09:03 
19 2016-05-30 13:51:37 77.25349583257373 1.260950152845164e-07 612660981.5484113 0.069 0.133 307 2025-03-20T01:09:04 
19 2016-05-30 13:53:17 80.88896371429445 1.3115729311505872e-07 616732488.0922481 0.069 0.133 323 2025-03-20T01:09:05 
19 2016-05-30 13:54:57 78.10632188599695 1.2814590138484108e-07 609510885.9660842 0.069 0.133 349 2025-03-20T01:09:06 
19 2016-05-30 13:56:37 52.64512549988807 1.0434075452932807e-07 504549978.93551356 0.069 0.133 232 2025-03-20T01:09:07 
19 2016-05-30 13:58:17 56.09035990007183 1.1458463764308394e-07 489510296.090353 0.069 0.133 247 2025-03-20T01:09:08 
19 2016-05-30 13:59:57 47.57774105306635 9.911271946268816e-08 480036682.5872173 0.069 0.133 249 2025-03-20T01:09:09 
19 2016-05-30 14:01:37 50.37169346828006 1.0457183063851338e-07 481694670.1679751 0.069 0.133 264 2025-03-20T01:09:10 
19 2016-05-30 14:03:17 48.7564289592943 1.0997301650607846e-07 443349018.7713403 0.069 0.133 220 2025-03-20T01:09:11 
19 2016-05-30 14:04:57 83.18660184368602 1.2754936037777564e-07 652191446.490237 0.069 0.133 411 2025-03-20T01:09:12 
19 2016-05-30 14:06:37 84.29578478373587 1.258622031018293e-07 669746617.3823133 0.069 0.133 395 2025-03-20T01:09:13 
19 2016-05-30 14:18:17 79.78265093848674 1.1416072166697575e-07 698862531.4687911 0.069 0.133 225 2025-03-20T01:09:15 
19 2016-05-30 14:19:57 78.30283407214101 1.1234411118392743e-07 696990997.097705 0.069 0.133 238 2025-03-20T01:09:16 
20 2016-05-31 19:52:15 35.856904401825695 1.2781930039524592e-07 280528091.53976053 0.06 0.103 369 2025-03-20T01:09:18 
20 2016-05-31 19:53:55 55.87838222831865 1.6072916336657438e-07 347655528.4548893 0.06 0.103 606 2025-03-20T01:09:19 
20 2016-05-31 19:55:35 55.06781359160903 1.7200313439451414e-07 320155872.65580297 0.06 0.103 577 2025-03-20T01:09:20 
20 2016-05-31 19:57:15 58.551125301069504 1.7311717125443105e-07 338216740.00793755 0.06 0.103 545 2025-03-20T01:09:21 
20 2016-05-31 19:58:55 66.64556969010972 1.756987359428604e-07 379317297.48917353 0.06 0.103 537 2025-03-20T01:09:22 
20 2016-05-31 20:00:35 67.066903923387 1.6543226745965133e-07 405404005.84030265 0.06 0.103 552 2025-03-20T01:09:24 
20 2016-05-31 20:02:15 69.24936646793664 1.555717052636213e-07 445128285.7033118 0.06 0.103 623 2025-03-20T01:09:25 
20 2016-05-31 20:03:55 75.66451015364608 1.3981169418163577e-07 541188708.1158379 0.06 0.103 694 2025-03-20T01:09:26 
20 2016-05-31 20:05:35 87.0965284890889 1.4606563064602016e-07 596283520.660389 0.06 0.103 636 2025-03-20T01:09:27 
20 2016-05-31 20:07:15 81.98104849119281 1.447384165145931e-07 566408355.6070075 0.06 0.103 635 2025-03-20T01:09:28 
20 2016-05-31 20:08:55 78.8826103867532 1.430925023835073e-07 551270046.1086152 0.06 0.103 630 2025-03-20T01:09:29 
20 2016-05-31 20:10:35 82.19568446250763 1.5313589840688475e-07 536749941.1804296 0.06 0.103 582 2025-03-20T01:09:31 
20 2016-05-31 20:12:15 86.383312141448 1.5860662451056412e-07 544638740.0779365 0.06 0.103 566 2025-03-20T01:09:32 
20 2016-05-31 20:13:55 90.29520431605314 1.575183954270253e-07 573235932.6748276 0.06 0.103 695 2025-03-20T01:09:33 
20 2016-05-31 20:15:35 95.07857352670148 1.5457407041729217e-07 615100406.3619784 0.06 0.103 632 2025-03-20T01:09:34 
20 2016-05-31 20:17:15 100.0828411188041 1.4927009499952417e-07 670481526.2502723 0.06 0.103 782 2025-03-20T01:09:35 
20 2016-05-31 20:18:55 72.42125534912215 1.3484703291107113e-07 537062282.9861039 0.06 0.103 386 2025-03-20T01:09:36 
20 2016-05-31 20:20:35 63.714895994941934 1.3491460172389947e-07 472260935.29396784 0.06 0.103 326 2025-03-20T01:09:37 
20 2016-05-31 20:22:15 66.26333315147473 1.4472942819861405e-07 457842844.9295102 0.06 0.103 323 2025-03-20T01:09:39 
20 2016-05-31 20:23:55 66.26356253157527 1.464492314663881e-07 452467806.54348177 0.06 0.103 323 2025-03-20T01:09:40 
20 2016-05-31 20:25:35 87.60346141482057 1.6215058910152868e-07 540259902.2317995 0.06 0.103 545 2025-03-20T01:09:41 
20 2016-05-31 20:27:15 89.2863684997957 1.6237257899301468e-07 549885756.9025668 0.06 0.103 569 2025-03-20T01:09:42 
20 2016-05-31 20:28:55 93.54219593173686 1.537197505614308e-07 608524250.0725678 0.06 0.103 583 2025-03-20T01:09:43 
20 2016-05-31 20:30:35 68.71238539600265 1.3606744189743308e-07 504987706.37429696 0.06 0.103 361 2025-03-20T01:09:44 
20 2016-05-31 20:32:15 68.49271272698249 1.31648032743625e-07 520271448.7983811 0.06 0.103 357 2025-03-20T01:09:45 
20 2016-05-31 20:33:55 69.03967524937056 1.2597830544152126e-07 548028289.5329034 0.06 0.103 402 2025-03-20T01:09:46 
20 2016-05-31 20:35:35 62.37625507738921 1.2201733775610479e-07 511208130.1271334 0.06 0.103 362 2025-03-20T01:09:47 
21 2016-06-01 14:57:08 53.809655553847676 3.8441929602805186e-08 1399764686.88817 0.021 0.067 1193 2025-03-20T01:09:49 
21 2016-06-01 14:58:48 57.5022733943106 3.744703744455037e-08 1535562685.818791 0.021 0.067 1018 2025-03-20T01:09:50 
21 2016-06-01 15:00:28 58.22788404226169 3.80162848915425e-08 1531656346.9676564 0.021 0.067 1086 2025-03-20T01:09:52 
21 2016-06-01 15:02:08 55.49160914672584 3.811657741695221e-08 1455839241.275796 0.021 0.067 1072 2025-03-20T01:09:53 
21 2016-06-01 15:03:48 56.625331195380376 3.8445662084799887e-08 1472866589.4862587 0.021 0.067 1251 2025-03-20T01:09:55 
21 2016-06-01 15:05:28 59.58939176196687 3.9716659933208794e-08 1500362615.1387832 0.021 0.067 1175 2025-03-20T01:09:56 
21 2016-06-01 15:07:08 55.922883938702924 4.216793949197561e-08 1326194369.76153 0.021 0.067 1033 2025-03-20T01:09:57 
21 2016-06-01 15:08:48 58.09740333170475 4.1600389041505465e-08 1396559134.9095297 0.021 0.067 1081 2025-03-20T01:09:59 
21 2016-06-01 15:10:28 58.463453112578065 4.1123755770025724e-08 1421646734.7856126 0.021 0.067 1034 2025-03-20T01:10:00 
21 2016-06-01 15:12:08 59.91962013132575 4.1683825959983763e-08 1437478896.2233996 0.021 0.067 1179 2025-03-20T01:10:02 
21 2016-06-01 15:13:48 61.47068036082128 4.0360682233910515e-08 1523033728.8296485 0.021 0.067 1114 2025-03-20T01:10:03 
21 2016-06-01 15:15:28 63.00183961323718 4.208686712551204e-08 1496947715.9074879 0.021 0.067 1233 2025-03-20T01:10:05 
21 2016-06-01 15:17:08 66.68588181642984 4.109639674927896e-08 1622669798.1155696 0.021 0.067 1172 2025-03-20T01:10:06 
21 2016-06-01 15:18:48 69.9525130447374 4.161588792627844e-08 1680908819.4551232 0.021 0.067 1156 2025-03-20T01:10:08 
21 2016-06-01 15:20:28 71.49506948498713 4.4149809398448934e-08 1619374363.312628 0.021 0.067 1237 2025-03-20T01:10:09 
21 2016-06-01 15:22:08 70.76346203214233 4.4668388642458124e-08 1584195539.233765 0.021 0.067 1368 2025-03-20T01:10:11 
21 2016-06-01 15:23:48 73.38996645947374 4.513505577888815e-08 1626008103.7454214 0.021 0.067 1436 2025-03-20T01:10:12 
21 2016-06-01 15:25:28 35.65286573217712 1.0396215761377786e-07 342940802.2160183 0.021 0.067 458 2025-03-20T01:10:14 
21 2016-06-01 15:27:08 37.02529599546568 1.0475213332803027e-07 353456247.80281407 0.021 0.067 436 2025-03-20T01:10:15 
21 2016-06-01 15:28:48 75.21597370628672 4.659253040366946e-08 1614335453.6581035 0.021 0.067 1429 2025-03-20T01:10:16 
21 2016-06-01 15:30:28 75.50350275525287 4.764025368627926e-08 1584867772.7969031 0.021 0.067 1274 2025-03-20T01:10:18 
21 2016-06-01 15:32:08 77.22390249460275 4.7389974548928954e-08 1629540915.1332424 0.021 0.067 1334 2025-03-20T01:10:19 
21 2016-06-01 15:33:48 40.30421254502676 1.084378573489821e-07 371680274.1252715 0.021 0.067 376 2025-03-20T01:10:21 
21 2016-06-01 15:35:28 41.23227175696155 1.0073105675470549e-07 409330280.9020263 0.021 0.067 364 2025-03-20T01:10:22 
21 2016-06-01 15:37:08 41.74166565374611 9.929717943005261e-08 420371111.176929 0.021 0.067 375 2025-03-20T01:10:23 
21 2016-06-01 15:38:48 41.18144559636743 1.0210944615031506e-07 403306913.7966367 0.021 0.067 351 2025-03-20T01:10:24 
23 2016-06-01 18:19:15 0.2329869865499584 3.750426378435377e-09 62122799.660756744 0.081 0.125 55 2025-03-20T01:10:26 
23 2016-06-01 18:20:55 33.62970031876037 5.839903481318307e-08 575860550.2015722 0.081 0.125 225 2025-03-20T01:10:27 
23 2016-06-01 18:22:35 22.757520176785818 5.437502690170663e-08 418528899.6348348 0.081 0.125 243 2025-03-20T01:10:28 
23 2016-06-01 18:27:35 0.08758442774461372 4.804713916555473e-09 18228853.843477845 0.081 0.125 14 2025-03-20T01:10:29 
23 2016-06-01 18:29:15 0.7807139768134008 1.7491013994247408e-08 44635146.77137464 0.081 0.125 37 2025-03-20T01:10:30 
23 2016-06-01 18:30:55 2.3044677867492473 7.942793560785598e-09 290133158.9589141 0.081 0.125 108 2025-03-20T01:10:31 
23 2016-06-01 18:32:35 20.1362884686887 3.482189733559936e-08 578265115.0402087 0.081 0.125 266 2025-03-20T01:10:32 
23 2016-06-01 18:35:55 35.56401997818642 4.0652889063966586e-08 874821465.2647953 0.081 0.125 462 2025-03-20T01:10:34 
23 2016-06-01 18:40:55 0.5696966421122411 4.109958288673619e-09 138613728.4366688 0.081 0.125 53 2025-03-20T01:10:35 
24 2016-06-02 11:36:46 10.037242485325153 6.061664245206931e-08 165585589.68787795 0.115 0.156 143 2025-03-20T01:10:37 
24 2016-06-02 11:38:26 9.447036061818133 6.066284578117711e-08 155730182.78594217 0.115 0.156 126 2025-03-20T01:10:38 
24 2016-06-02 11:40:06 9.268888639729065 5.5852988407490035e-08 165951525.67496428 0.115 0.156 130 2025-03-20T01:10:40 
24 2016-06-02 11:41:46 6.016622742726917 4.542003951664137e-08 132466259.53556243 0.115 0.156 100 2025-03-20T01:10:41 
24 2016-06-02 11:50:06 16.48890416137277 4.956953701983677e-08 332641883.55792445 0.115 0.156 207 2025-03-20T01:10:43 
24 2016-06-02 11:51:46 27.521265229971615 6.689578572583752e-08 411405067.32013655 0.115 0.156 286 2025-03-20T01:10:44 
24 2016-06-02 12:06:46 34.02747866084904 8.357693419645352e-08 407139589.26592153 0.115 0.156 421 2025-03-20T01:10:47 
24 2016-06-02 12:08:26 36.70024075994826 9.477382420111144e-08 387240264.5910944 0.115 0.156 260 2025-03-20T01:10:48 
24 2016-06-02 12:15:06 21.365403687206502 5.1003837499552394e-08 418897964.0481759 0.115 0.156 248 2025-03-20T01:10:50 
