0	-32.0	76.9	5.1	-61.4	0.0	0.0	4.9	-64.8	0.0	0.0	11.7	-67.0
10	-22.6	78.5	14.1	-61.0	0.0	0.0	12.6	-64.0	0.0	0.0	23.3	-66.4
20	-2.1	81.0	23.2	-60.6	0.0	0.0	21.9	-63.2	0.0	0.0	32.3	-66.0
30	32.7	82.7	32.2	-60.1	0.0	0.0	31.7	-62.6	0.0	0.0	37.9	-65.9
40	70.7	81.4	40.9	-59.3	0.0	0.0	40.7	-62.3	138.3	75.2	41.0	-65.8
50	96.9	77.0	49.2	-58.5	123.7	77.1	48.2	-62.3	138.9	74.4	43.5	-65.7
60	110.1	69.3	56.9	-57.7	128.6	72.6	54.2	-62.3	140.0	72.7	47.1	-65.7
70	118.6	64.3	64.1	-57.3	133.1	66.7	59.0	-62.5	141.7	69.0	52.5	-65.7
80	126.3	60.9	71.0	-57.3	137.2	62.2	63.5	-62.7	143.0	64.7	59.2	-65.8
90	132.6	57.9	77.8	-57.7	140.5	59.5	68.2	-63.0	144.6	61.9	66.4	-66.2
100	137.7	55.0	84.5	-58.6	144.3	56.7	73.1	-63.4	146.7	59.7	73.5	-66.9
110	142.1	52.6	91.3	-60.0	148.2	54.7	78.2	-64.0	149.2	58.0	80.4	-68.0
120	145.8	50.8	98.3	-61.8	151.6	53.5	83.7	-64.6	152.3	56.2	87.3	-69.3
130	150.0	49.5	105.5	-63.8	155.1	52.5	90.0	-65.4	155.5	54.9	93.6	-70.7
140	154.5	48.8	113.2	-66.0	158.5	51.9	98.2	-66.7	158.8	54.2	98.7	-72.0
150	158.4	48.6	121.8	-68.1	161.7	51.6	109.8	-68.8	162.2	53.6	102.2	-72.9
160	162.7	48.7	131.6	-70.2	165.1	51.5	125.9	-71.9	165.5	53.5	105.2	-73.7
170	168.1	48.9	143.3	-72.1	168.8	51.5	146.8	-75.8	169.0	53.5	110.7	-75.1
180	173.5	49.5	156.8	-73.9	172.6	51.9	171.3	-79.4	172.3	53.6	122.6	-77.9
190	178.4	50.4	172.1	-75.6	176.5	52.5	197.2	-81.1	175.6	54.0	143.9	-81.0
200	183.2	51.7	188.6	-76.8	180.6	53.4	221.5	-80.8	179.3	54.8	174.4	-82.4
210	188.5	53.3	205.4	-76.8	184.6	54.5	241.5	-79.5	183.2	55.8	210.6	-83.7
220	194.3	55.0	221.7	-76.2	188.5	55.6	255.6	-78.1	187.1	56.8	246.2	-82.7
230	200.5	56.6	236.6	-75.6	192.8	57.0	264.2	-77.2	191.1	57.8	275.5	-80.1
240	207.5	58.5	250.1	-75.0	196.9	58.3	269.2	-76.6	195.3	59.0	295.2	-77.8
250	214.6	60.4	262.0	-74.2	201.6	59.6	273.2	-76.2	199.8	60.2	305.7	-76.2
260	220.8	61.6	272.8	-73.0	206.4	60.7	278.9	-75.5	205.0	61.6	310.6	-75.4
270	228.0	63.0	282.9	-71.7	0.0	0.0	287.9	-74.4	210.5	62.9	314.0	-74.8
280	238.8	65.1	292.6	-70.4	0.0	0.0	300.1	-72.9	216.5	64.8	318.7	-74.0
290	252.1	67.7	302.2	-69.0	0.0	0.0	314.1	-71.1	222.5	66.8	324.8	-72.9
300	265.4	69.8	311.7	-67.8	0.0	0.0	327.7	-69.3	229.0	68.7	330.9	-71.8
310	278.4	70.9	321.0	-66.5	0.0	0.0	338.9	-67.9	235.9	70.6	335.8	-70.9
320	290.6	71.6	330.0	-65.2	0.0	0.0	346.9	-66.9	243.0	72.4	339.5	-70.3
330	301.5	72.5	338.8	-64.0	0.0	0.0	352.0	-66.2	250.6	74.9	343.6	-69.7
340	311.6	73.9	347.5	-62.9	0.0	0.0	355.5	-65.8	0.0	0.0	350.2	-68.9
350	320.7	75.5	356.3	-62.0	0.0	0.0	359.4	-65.4	0.0	0.0	359.9	-67.8
